h1 = 8.00008
h2 = -6.57998

For h1 = 8.00008 :
za1 = -5.26403
za2 = -10

For h2 = -6.57998 :
za1 = -5.26403
za2 = -10

For h1 = 8.00008 and Za = -5.26403
zb1 = -3.50936
zb2 = -15

For h1 = 8.00008 and Za = -10
zb1 = -3.50936
zb2 = -15

